3,2
3,1
3,3
10,307
10,89
10,195
10,33
10,159
10,295
10,117
10,303
11,5
8,6
8,7
8,10
2,2
2,1
2,3
47,64
47,35
47,34
47,33
47,32
47,31
47,30
47,29
47,28
47,27
47,26
47,25
47,24
47,23
47,22
47,21
47,20
47,19
47,18
47,17
47,16
47,15
47,14
47,13
47,12
47,11
47,10
47,9
47,8
47,7
47,6
47,5
47,4
47,3
47,1
24,3
24,1
21,3
21,2
21,1
21,0
20,3
20,2
20,1
19,3
19,2
19,1
18,3
18,1
14,3
14,1
13,3
13,1
12,3
12,2
12,1
11,29
11,27
11,21
11,19
11,17
11,15
11,13
11,12
11,11
11,9
11,7
11,3
11,2
11,1
10,281
10,271
10,261
10,239
10,215
10,181
10,179
10,147
10,131
10,125
10,113
10,107
10,105
10,71
10,31
10,3
10,2
10,1
9,7
9,5
9,3
9,2
9,1
8,18
8,17
8,16
8,15
8,14
